# Values come from this e-mail:
#
# > From: Xavier Garcia Tormo <garciato@ualberta.ca>
# > Subject: Re: on the paper
# > Date: August 2, 2011 1:06:08 PM CDT
# > To: Robert H Bernstein <rhbob@fnal.gov>
# 
# 
1.0	5.35203152513e-05
1.1	6.44948568069e-05
1.2	7.64463656148e-05
1.3	8.93643344218e-05
1.4	0.000103238435664
1.5	0.00011805851392
1.6	0.000133814600478
1.7	0.000150496766652
1.8	0.000168095414174
1.9	0.000186600958391
2.0	0.000206004069289
2.1	0.000226295582679
2.2	0.000247466495645
2.3	0.000269508048593
2.4	0.000292411475018
2.5	0.000316168248442
2.6	0.000340769802739
2.7	0.000366207759922
2.8	0.000392473715852
2.9	0.000419560394903
3.0	0.000447456932364
3.1	0.000476158331019
3.2	0.00050565583931
3.3	0.000535942021223
3.4	0.000567009321365
3.5	0.000598850595639
3.6	0.000631458698857
3.7	0.000664826888526
3.8	0.000698948447986
3.9	0.000733816680003
4.0	0.000769425421233
4.1	0.000805768690694
4.2	0.000842840356177
4.3	0.000880634710075
4.4	0.000919145626219
4.5	0.000958366662656
4.6	0.000998291242533
4.7	0.0010389128183
4.8	0.00108022440129
4.9	0.00112221953857
5.0	0.00116489241401
5.1	0.00120823657542
5.2	0.00125224671224
5.3	0.00129691786001
5.4	0.00134224448269
5.5	0.0013882222081
5.6	0.00143484598094
5.7	0.0014821121256
5.8	0.00153001606271
5.9	0.00157855436026
6.0	0.00162772245752
6.1	0.0016775175826
6.2	0.00172793581149
6.3	0.00177897367217
6.4	0.00183062656573
6.5	0.00188288974989
6.6	0.00193575765253
6.7	0.00198922396342
6.8	0.00204328183156
6.9	0.00209792471422
7.0	0.00215314655712
7.1	0.0022089422251
7.2	0.00226530728999
7.3	0.00232223662995
7.4	0.00237972753777
7.5	0.00243777712581
7.6	0.00249638255416
7.7	0.00255554072173
7.8	0.00261525075179
7.9	0.00267551016898
8.0	0.00273631740445
8.1	0.00279767114668
8.2	0.00285956939682
8.3	0.00292200999398
8.4	0.00298499061899
8.5	0.00304850677688
8.6	0.00311255369486
8.7	0.00317712465556
8.8	0.00324221258976
8.9	0.00330780965026
9.0	0.00337390841241
9.1	0.00344050223168
9.2	0.0035075859357
9.3	0.00357515498332
9.4	0.003643206002
9.5	0.00371173758609
9.6	0.00378074817832
9.7	0.00385023606457
9.8	0.00392020275405
9.9	0.00399064616021
10.0	0.00406156780504
10.1	0.00413296754921
10.2	0.00420484587852
10.3	0.00427720217448
10.4	0.00435003417817
10.5	0.00442334079047
10.6	0.00449711547118
10.7	0.00457135366113
10.8	0.00464604703165
10.9	0.00472118517776
11.0	0.0047967601239
11.1	0.00487276175476
11.2	0.00494918428899
11.3	0.00502602044412
11.4	0.00510326740681
11.5	0.00518092790915
11.6	0.00525898199428
11.7	0.00533745056459
11.8	0.00541632653388
11.9	0.00549561250491
12.0	0.00557530963672
12.1	0.00565542084637
12.2	0.00573594717326
12.3	0.00581689020882
12.4	0.00589825141426
12.5	0.00598002890019
12.6	0.00606221742621
12.7	0.00614481499943
12.8	0.00622781117142
12.9	0.00631119909034
13.0	0.00639496154216
13.1	0.00647909343965
13.2	0.00656358209539
13.3	0.00664841853264
13.4	0.00673359693681
13.5	0.00681911379445
13.6	0.00690496547464
13.7	0.00699115493184
13.8	0.00707768155223
13.9	0.00716454939368
14.0	0.00725176340291
14.1	0.0073393242093
14.2	0.00742723804181
14.3	0.00751550707206
14.4	0.00760413523278
14.5	0.00769312090476
14.6	0.00778246471415
14.7	0.00787216326264
14.8	0.00796220737075
14.9	0.00805258838872
15.0	0.00814329582816
15.1	0.00823431515196
15.2	0.00832563331224
15.3	0.00841723865102
15.4	0.00850912282639
15.5	0.00860127565122
15.6	0.0086936964529
15.7	0.00878638380478
15.8	0.00887933736668
15.9	0.0089725616572
16.0	0.00906606346313
16.1	0.0091598437843
16.2	0.00925391166519
16.3	0.00934827135861
16.4	0.00944292673516
16.5	0.00953788417295
16.6	0.0096331383008
16.7	0.00972869364199
16.8	0.00982454492552
16.9	0.00992068018727
17.0	0.0100170917401
17.1	0.0101137638596
17.2	0.0102106832138
17.3	0.010307832683
17.4	0.0104052011718
17.5	0.0105027761515
17.6	0.0106005506865
17.7	0.0106985237485
17.8	0.0107966928311
17.9	0.0108950594309
18.0	0.0109936305508
18.1	0.0110924114789
18.2	0.0111914099105
18.3	0.0112906331956
18.4	0.0113900891904
18.5	0.011489780831
18.6	0.0115897142047
18.7	0.01168988964
18.8	0.0117903058788
18.9	0.0118909559657
19.0	0.0119918317918
19.1	0.0120929200562
19.2	0.012194205316
19.3	0.0122956705455
19.4	0.0123972973768
19.5	0.0124990749236
19.6	0.0126009889487
19.7	0.0127030320676
19.8	0.0128052033395
19.9	0.0129075028865
20.0	0.0130099321841
20.1	0.0131124967439
20.2	0.0132152090577
20.3	0.0133180738551
20.4	0.0134211018393
20.5	0.0135243013793
20.6	0.0136276781144
20.7	0.0137312360594
20.8	0.0138349776369
20.9	0.013938901801
21.0	0.0140429967999
21.1	0.0141472577945
21.2	0.014251666059
21.3	0.0143562066232
21.4	0.0144608598522
21.5	0.0145656086512
21.6	0.0146704374135
21.7	0.0147753345469
21.8	0.0148802927066
21.9	0.0149853066245
22.0	0.0150903775119
22.1	0.0151955147686
22.2	0.0153007219054
22.3	0.0154060085915
22.4	0.0155113856598
22.5	0.0156168625769
22.6	0.0157224505734
22.7	0.0158281545361
22.8	0.0159339812008
22.9	0.0160399317913
23.0	0.0161460010408
23.1	0.0162521856827
23.2	0.0163584682598
23.3	0.0164648378051
23.4	0.0165712704324
23.5	0.0166777515294
23.6	0.0167842607289
23.7	0.0168907802013
23.8	0.0169972959393
23.9	0.0171038056591
24.0	0.0172103015871
24.1	0.0173167890188
24.2	0.0174232720262
24.3	0.0175297569464
24.4	0.0176362590371
24.5	0.0177427861974
24.6	0.0178493516209
24.7	0.0179559670975
24.8	0.0180626374113
24.9	0.0181693673265
25.0	0.0182761617962
25.1	0.0183830144484
25.2	0.0184899168473
25.3	0.0185968504321
25.4	0.0187038202668
25.5	0.0188107768975
25.6	0.0189177140881
25.7	0.0190246118597
25.8	0.019131453464
25.9	0.019238220627
26.0	0.0193449129075
26.1	0.0194515236472
26.2	0.0195580536222
26.3	0.0196645151644
26.4	0.0197709115707
26.5	0.019877257844
26.6	0.0199835681179
26.7	0.0200898529908
26.8	0.0201961231035
26.9	0.0203023884855
27.0	0.0204086520061
27.1	0.0205149139383
27.2	0.0206211729949
27.3	0.0207274173445
27.4	0.0208336314257
27.5	0.0209398101635
27.6	0.0210459247496
27.7	0.0211519341403
27.8	0.021257841052
27.9	0.0213636191339
28.0	0.0214692234702
28.1	0.0215747533447
28.2	0.0216800990124
28.3	0.0217852927423
28.4	0.0218903500399
28.5	0.0219952813176
28.6	0.0221000908903
28.7	0.02220480343
28.8	0.0223094209679
28.9	0.0224139633011
29.0	0.0225184346539
29.1	0.0226228419277
29.2	0.022727187708
29.3	0.022831462537
29.4	0.0229355955103
29.5	0.0230397696545
29.6	0.0231437551713
29.7	0.0232476121158
29.8	0.023351310205
29.9	0.0234548313538
30.0	0.0235593078065
30.1	0.0236624739854
30.2	0.0237654218441
30.3	0.0238681554111
30.4	0.0239706735403
30.5	0.0240729851576
30.6	0.0241751058029
30.7	0.0242770429805
30.8	0.0243788166567
30.9	0.0244804326896
31.0	0.0245819115217
31.1	0.0246832558152
31.2	0.0247844761279
31.3	0.0248855621544
31.4	0.0249865271448
31.5	0.0250873374274
31.6	0.0251879928246
31.7	0.0252884706285
31.8	0.0253887474964
31.9	0.0254888010099
32.0	0.0255886195043
32.1	0.0256881495177
32.2	0.0257874115886
32.3	0.0258863905288
32.4	0.0259850859373
32.5	0.026083500655
32.6	0.0261816345748
32.7	0.0262795104023
32.8	0.0263771190936
32.9	0.026474530913
33.0	0.0265716836213
33.1	0.0266686905562
33.2	0.0267654365527
33.3	0.0268620107299
33.4	0.0269583896449
33.5	0.027054565843
33.6	0.0271505350408
33.7	0.0272462716192
33.8	0.0273417632467
33.9	0.0274369792364
34.0	0.0275319027946
34.1	0.0276265092045
34.2	0.0277207684818
34.3	0.0278146921599
34.4	0.0279082533865
34.5	0.0280014644709
34.6	0.0280943157525
34.7	0.0281867668528
34.8	0.0282789954489
34.9	0.0283708514901
35.0	0.0284624025918
35.1	0.0285536613443
35.2	0.028644643565
35.3	0.028735355982
35.4	0.0288257994469
35.5	0.0289159763883
35.6	0.029005882282
35.7	0.0290954984553
35.8	0.0291848129541
35.9	0.0292738031551
36.0	0.0293624458879
36.1	0.0294507164446
36.2	0.0295385673671
36.3	0.029625997204
36.4	0.0297130716424
36.5	0.0297996747181
36.6	0.0298858431165
36.7	0.0299715765134
36.8	0.0300568861496
36.9	0.0301417807798
37.0	0.0302262062487
37.1	0.0303103949811
37.2	0.0303941544599
37.3	0.0304774870116
37.4	0.0305605486506
37.5	0.0306432287422
37.6	0.0307255112539
37.7	0.0308075217498
37.8	0.0308891156573
37.9	0.0309703174314
38.0	0.0310511072525
38.1	0.0311313780966
38.2	0.0312112738638
38.3	0.0312906785118
38.4	0.031369576468
38.5	0.0314479512199
38.6	0.0315257997886
38.7	0.0316031091729
38.8	0.0316799453417
38.9	0.0317559244346
39.0	0.0318318820015
39.1	0.0319071153837
39.2	0.0319818680867
39.3	0.0320561393131
39.4	0.0321299394695
39.5	0.0322032784942
39.6	0.0322761468535
39.7	0.0323485654337
39.8	0.0324204668924
39.9	0.032491891681
40.0	0.032562795855
40.1	0.0326329456136
40.2	0.0327027630826
40.3	0.032771986381
40.4	0.0328406181301
40.5	0.0329085992887
40.6	0.0329757898285
40.7	0.0330425120838
40.8	0.0331082903663
40.9	0.0331735056779
41.0	0.0332379598224
41.1	0.0333018850171
41.2	0.033365265973
41.3	0.0334275648661
41.4	0.0334894032626
41.5	0.0335505802276
41.6	0.0336110681534
41.7	0.0336709397963
41.8	0.0337300969279
41.9	0.0337884914697
42.0	0.03384628096
42.1	0.033902729082
42.2	0.0339590811644
42.3	0.0340143933144
42.4	0.0340689361687
42.5	0.0341225679187
42.6	0.0341754296704
42.7	0.0342269297487
42.8	0.0342776602124
42.9	0.0343273267761
43.0	0.0343760399709
43.1	0.0344236464868
43.2	0.034470192554
43.3	0.0345156139452
43.4	0.0345600419558
43.5	0.0346033193643
43.6	0.034645436791
43.7	0.0346864798427
43.8	0.0347263043423
43.9	0.0347649037746
44.0	0.0348019819641
44.1	0.0348380883296
44.2	0.0348727862415
44.3	0.034906023414
44.4	0.0349377311767
44.5	0.03496785267
44.6	0.034996232436
44.7	0.0350227685082
44.8	0.0350476894443
44.9	0.035070593568
45.0	0.0350917265466
45.1	0.0351104621546
45.2	0.0351272567813
45.3	0.0351417533616
45.4	0.0351540262523
45.5	0.0351639608937
45.6	0.0351715619878
45.7	0.0351765553835
45.8	0.0351789028574
45.9	0.0351784877265
46.0	0.0351874206339
46.1	0.0351799262367
46.2	0.0351692070236
46.3	0.0351551028039
46.4	0.0351373959757
46.5	0.0351159547285
46.6	0.0350905581167
46.7	0.035061011818
46.8	0.0350270974767
46.9	0.034988604642
47.0	0.0349452998781
47.1	0.034896960089
47.2	0.0348432977476
47.3	0.03478417872
47.4	0.034719293201
47.5	0.034648090427
47.6	0.0345707735177
47.7	0.0344866222869
47.8	0.0343954730334
47.9	0.0342969659429
48.0	0.0342394923421
48.1	0.0341174800065
48.2	0.0339874631607
48.3	0.0338492212631
48.4	0.0337018010531
48.5	0.0335450971254
48.6	0.0333787788659
48.7	0.0332022806478
48.8	0.0330149144519
48.9	0.0328159973202
49.0	0.0326054566271
49.1	0.0323824918853
49.2	0.0321465418282
49.3	0.0318970550818
49.4	0.0316337983119
49.5	0.0313559539567
49.6	0.0310631322878
49.7	0.0307548783198
49.8	0.0304307392
49.9	0.0299456615637
49.9999147301	0.029598038306
50.0999595501	0.0292427436043
50.2000043702	0.0288660518943
50.3000491902	0.0284719941751
50.4000940102	0.0280602145505
50.4999415032	0.0276305082397
50.5999863232	0.0271827244395
50.7000311433	0.0267168698048
50.8000759633	0.0262332158125
50.8999234563	0.0257315424335
50.9999682763	0.0252128453278
51.1000130963	0.024677400111
51.2000579164	0.0241259685421
51.2999054093	0.0235594090047
51.3999502293	0.0229787055352
51.4999950494	0.0223849682149
51.6000398694	0.0217794790664
51.7000846894	0.0211635838555
51.7999321824	0.0205387450372
51.8999770024	0.0198517301064
52.0000218225	0.0192300071822
52.1000666425	0.0186007253169
52.1999141355	0.017965990066
52.2999589555	0.0173279146318
52.4000037755	0.0166886036396
52.5000485956	0.0160501072121
52.6000934156	0.0154144307451
52.6999409086	0.0147834877617
52.7999857286	0.0141591064107
52.9000305486	0.0135429933481
53.0000753686	0.0129367404751
53.0999228616	0.0123418198141
53.1999676816	0.0117595518735
53.3000125017	0.0111911285451
53.4000573217	0.0106375925954
53.4999048147	0.0100999699153
53.5999496347	0.00957864428353
53.6999944547	0.00907461158137
53.8000392748	0.00858823300193
53.9000840948	0.00819164357516
53.9999315878	0.00772859235045
54.0999764078	0.00728541053039
54.2000212278	0.00686236451852
54.3000660479	0.00645907652977
54.3999135408	0.00607513811905
54.4999583609	0.0057104121999
54.6000031809	0.00536417796674
54.7000480009	0.00503609229934
54.8000928209	0.00472536213072
54.8999403139	0.00443164074875
54.9999851339	0.00415423608959
55.100029954	0.00389252104216
55.200074774	0.00364585336826
55.299922267	0.00341358702733
55.399967087	0.00319507716402
55.500011907	0.00298967743998
55.6000567271	0.00279675685599
55.69990422	0.00261568799239
55.7999490401	0.00245358334629
55.8999938601	0.00229264198097
56.0000386801	0.00214211350128
56.1000835002	0.00200137646172
56.1999309931	0.00186984032435
56.2999758132	0.00174694249474
56.4000206332	0.00163214805535
56.5000654532	0.00152494958621
56.5999129462	0.00142486637451
56.6999577662	0.00133144419791
56.8000025862	0.00124425359927
56.9000474063	0.00116288958031
57.0000922263	0.0010869710036
57.0999397193	0.00101613975431
57.1999845393	0.000950058476884
57.3000293593	0.000888411688074
57.4000741794	0.000830903057935
57.4999216723	0.000777255076234
57.5999664924	0.000727208089569
57.7000113124	0.000680519283251
57.8000561324	0.00063623154029
57.8999036254	0.000595706434709
57.9999484454	0.000557890095955
58.0999932655	0.000522597960105
58.2000380855	0.000489656988848
58.3000829055	0.000458906809236
58.3999303985	0.000430197305783
58.4999752185	0.00040338882048
58.6000200385	0.000378351021788
58.7000648586	0.000354962814775
58.7999123515	0.000333110946363
58.8999571716	0.000312690670222
59.0000019916	0.000293595130315
59.1000468116	0.00027575793183
59.2000916317	0.000259070291785
59.2999391246	0.000243460997412
59.3999839447	0.000228857133346
59.5000287647	0.000215190394067
59.6000735847	0.000202397638115
59.6999210777	0.000190420070961
59.7999658977	0.000178918994033
59.9000107178	0.000168464405941
60.0000555378	0.000158661595099
60.0999030308	0.000149472798627
60.1999478508	0.000140854987036
60.2999926708	0.000132770817571
60.4000374908	0.000125185494371
60.5000823109	0.000118066398953
60.5999298038	0.000111383259914
60.6999746239	0.000105107711163
60.8000194439	9.9213307704e-05
60.9000642639	9.36753689563e-05
60.9999117569	8.8470968641e-05
61.0999565769	8.35784736297e-05
61.200001397	7.89779157898e-05
61.300046217	7.46506253842e-05
61.400091037	7.0579176309e-05
61.49993853	6.67473448925e-05
61.59998335	6.31400042834e-05
61.7000281701	5.97431043733e-05
61.8000729901	5.64784867696e-05
61.899920483	5.34763881683e-05
61.9999653031	5.06460348618e-05
62.1000101231	4.79769918999e-05
62.2000549431	4.54595119054e-05
62.2999024361	4.30844300433e-05
62.3999472561	4.08432847054e-05
62.4999920762	3.87279599701e-05
62.6000368962	3.67309686181e-05
62.7000817162	3.48452322279e-05
62.7999292092	3.30641062623e-05
62.8999740292	3.13813855923e-05
63.0000188493	2.97912186527e-05
63.1000636693	2.82880803681e-05
63.1999111623	2.68668498688e-05
63.2999559823	2.55226844539e-05
63.4000008023	2.42510192704e-05
63.5000456223	2.30476812531e-05
63.6000904424	2.19086724049e-05
63.6999379353	2.0812335543e-05
63.7999827554	1.97943952819e-05
63.9000275754	1.88298767956e-05
64.0000723954	1.79158066869e-05
64.0999198884	1.70493572637e-05
64.1999647084	1.62279237471e-05
64.3000095285	1.54490137901e-05
64.4000543485	1.47103141459e-05
64.4999018415	1.40096009828e-05
64.5999466615	1.33448320518e-05
64.6999914815	1.27139998172e-05
64.8000363016	1.21153043558e-05
64.9000811216	1.15469656076e-05
64.9999286146	1.10073160122e-05
65.0999734346	1.04948173842e-05
65.2000182546	1.00079660911e-05
65.3000630746	9.54539576305e-06
65.3999105676	9.10573356451e-06
65.4999553876	8.68780105152e-06
65.6000002077	8.29039727467e-06
65.7000450277	7.90813210823e-06
65.8000898477	7.54937338454e-06
65.8999373407	7.20796546065e-06
65.9999821607	6.8830099589e-06
66.1000269808	6.57367022347e-06
66.2000718008	6.27913987122e-06
66.2999192938	5.99868793693e-06
66.3999641138	5.73160271495e-06
66.5000089338	5.47721784604e-06
66.6000537539	5.23489142666e-06
66.7000985739	5.00402853052e-06
66.7999460669	4.78405194153e-06
66.8999908869	4.57442029095e-06
67.0000357069	4.37461323658e-06
67.1000805269	4.18413347853e-06
67.1999280199	4.00250903028e-06
67.2999728399	3.8292933407e-06
67.40001766	3.66405980471e-06
67.50006248	3.50641265897e-06
67.599909973	3.35595875323e-06
67.699954793	3.21123754483e-06
67.799999613	3.07433563234e-06
67.9000444331	2.9435994973e-06
68.0000892531	2.81872595332e-06
68.0999367461	2.69944625159e-06
68.1999815661	2.58548902835e-06
68.3000263861	2.47660898333e-06
68.4000712062	2.37257264806e-06
68.4999186991	2.27315304376e-06
68.5999635192	2.17814261577e-06
68.7000083392	2.08733961808e-06
68.8000531592	2.00054056106e-06
68.9000979792	1.91757072292e-06
68.9999454722	1.83824963765e-06
69.0999902922	1.76240658885e-06
69.2000351123	1.68987337847e-06
69.3000799323	1.62049838367e-06
69.3999274253	1.5541321729e-06
69.4999722453	1.49063070164e-06
69.6000170653	1.42948552607e-06
69.7000618854	1.37137425219e-06
69.7999093783	1.3157361437e-06
69.8999541984	1.26245675451e-06
69.9999990184	1.21142884111e-06
70.1000438384	1.16255085833e-06
70.2000886585	1.115728518e-06
70.2999361514	1.07087225234e-06
70.3999809715	1.02789886721e-06
70.5000257915	9.86722542756e-07
70.6000706115	9.47273423141e-07
70.6999181045	9.09473814275e-07
70.7999629245	8.73256358069e-07
70.9000077445	8.38549449982e-07
71.0000525646	8.05290951173e-07
71.1000973846	7.73415181939e-07
71.1999448776	7.42863877181e-07
71.2999896976	7.13577482219e-07
71.4000345176	6.85497650665e-07
71.5000793377	6.5857284981e-07
71.5999268306	6.32643822874e-07
71.6999716507	6.07889946758e-07
71.8000164707	5.84139677295e-07
71.9000612907	5.61346433726e-07
71.9999087837	5.39472629774e-07
72.0999536037	5.18474891583e-07
72.1999984238	4.98319475335e-07
72.3000432438	4.78969893358e-07
72.4000880638	4.60394958909e-07
72.4999355568	4.42560128558e-07
72.5999803768	4.25439264453e-07
72.7000251968	4.09001626245e-07
72.8000700169	3.93221768508e-07
72.8999175098	3.78071707875e-07
72.9999623299	3.63527276933e-07
73.1000071499	3.49562644851e-07
73.2000519699	3.36156987276e-07
73.30009679	3.23282527452e-07
73.3999442829	3.10919455034e-07
73.499989103	2.99045804369e-07
73.600033923	2.87610071268e-07
73.700078743	2.76656103028e-07
73.799926236	2.66129836817e-07
73.899971056	2.56013850434e-07
74.000015876	2.46289409261e-07
74.1000606961	2.36940237761e-07
74.199908189	2.27952634469e-07
74.2999530091	2.193102614e-07
74.3999978291	2.1100076542e-07
74.5000426491	2.03011213125e-07
74.6000874692	1.95328848163e-07
74.6999349621	1.87942569802e-07
74.7999797822	1.80840981692e-07
74.9000246022	1.74013016702e-07
75.0000694222	1.67450118508e-07
75.0999169152	1.6114028328e-07
75.1999617352	1.55073970415e-07
75.3000065553	1.49242027963e-07
75.4000513753	1.4363546052e-07
75.5000961953	1.38235320867e-07
75.5999436883	1.33052287735e-07
75.6999885083	1.28066348859e-07
75.8000333283	1.23270505746e-07
75.9000781484	1.18657279975e-07
75.9999256413	1.14217606387e-07
76.0999704614	1.09945184051e-07
76.2000152814	1.05832637197e-07
76.3000601014	1.01874759628e-07
76.3999075944	9.80642551469e-08
76.4999524144	9.43966738138e-08
76.5999972345	9.086676311e-08
76.7000420545	8.7468679135e-08
76.8000868745	8.41983590419e-08
76.8999343675	8.10515326373e-08
76.9999791875	7.80229743785e-08
77.1000240076	7.5108732386e-08
77.2000688276	7.23046552498e-08
77.2999163206	6.96069063985e-08
77.3999611406	6.70108739959e-08
77.5000059606	6.45113158342e-08
77.6000507806	6.21078547017e-08
77.7000956007	5.97947128718e-08
77.7999430936	5.75681372175e-08
77.8999879137	5.54243845019e-08
78.0000327337	5.33606016302e-08
78.1000775537	5.13734849495e-08
78.1999250467	4.94593028151e-08
78.2999698667	4.76158407881e-08
78.4000146868	4.58403853656e-08
78.5000595068	4.41298396568e-08
78.5999069998	4.24824731904e-08
78.6999518198	4.08958156256e-08
78.7999966398	3.93676008296e-08
78.9000414599	3.78961162935e-08
79.0000862799	3.64790910727e-08
79.0999337729	3.51150867639e-08
79.1999785929	3.38015769317e-08
79.3000234129	3.25373479989e-08
79.4000682329	3.13203359192e-08
79.4999157259	3.01492323062e-08
79.5999605459	2.90215138686e-08
79.700005366	2.79359956146e-08
79.800050186	2.68907779984e-08
79.900095006	2.58843935106e-08
79.999942499	2.49153182959e-08
80.099987319	2.39819680578e-08
80.2000321391	2.3082816161e-08
80.3000769591	2.22166480335e-08
80.3999244521	2.13821583043e-08
80.4999692721	2.0578146291e-08
80.6000140921	1.98033938152e-08
80.7000589122	1.90570801459e-08
80.7999064051	1.83381670125e-08
80.8999512252	1.76457315811e-08
80.9999960452	1.69787756306e-08
81.1000408652	1.63365147619e-08
81.2000856852	1.57180063974e-08
81.2999331782	1.51227270553e-08
81.3999779982	1.45499924856e-08
81.5000228183	1.39982588234e-08
81.6000676383	1.34671052484e-08
81.6999151313	1.29558402867e-08
81.7999599513	1.24637076736e-08
81.9000047713	1.19898667189e-08
82.0000495914	1.15337860301e-08
82.1000944114	1.10944578731e-08
82.1999419044	1.06714571109e-08
82.2999867244	1.02640434447e-08
82.4000315444	9.87157671291e-09
82.5000763645	9.49355728177e-09
82.5999238574	9.12934247819e-09
82.6999686774	8.77860784747e-09
82.8000134975	8.44068712045e-09
82.9000583175	8.11530635184e-09
82.9999058105	7.80191746482e-09
83.0999506305	7.50023655504e-09
83.1999954505	7.20976768497e-09
83.3000402706	6.93019741555e-09
83.4000850906	6.66139941798e-09
83.4999325836	6.40258647198e-09
83.5999774036	6.15343027482e-09
83.7000222236	5.91372873433e-09
83.8000670437	5.68307383205e-09
83.8999145366	5.46118424147e-09
83.9999593567	5.24768823487e-09
84.1000041767	5.04216688942e-09
84.2000489967	4.84444633557e-09
84.3000938167	4.65415588595e-09
84.3999413097	4.47097137675e-09
84.4999861297	4.29456164564e-09
84.6000309498	4.12482617578e-09
84.7000757698	3.96135437087e-09
84.7999232628	3.80403003516e-09
84.8999680828	3.65257119824e-09
85.0	3.50682004389e-09
85.1	3.36660156966e-09
85.2	3.23166904491e-09
85.3	3.101932295e-09
85.4	2.97710611971e-09
85.5	2.85713334409e-09
85.6	2.74177722743e-09
85.7	2.63092911538e-09
85.8	2.52430365632e-09
85.9	2.42185165216e-09
86.0	2.32337643878e-09
86.1	2.22871141646e-09
86.2	2.13771388844e-09
86.3	2.05023303476e-09
86.4	1.96613188084e-09
86.5	1.88521282908e-09
86.6	1.80745574197e-09
86.7	1.73266829108e-09
86.8	1.66077469048e-09
86.9	1.59163206151e-09
87.0	1.52515855164e-09
87.1	1.46129687534e-09
87.2	1.39992122367e-09
87.3	1.34095127417e-09
87.4	1.28431040165e-09
87.5	1.22991848558e-09
87.6	1.17771031743e-09
87.7	1.12758165069e-09
87.8	1.07948045896e-09
87.9	1.03329731762e-09
88.0	9.88977337014e-10
88.1	9.46450543836e-10
88.2	9.05656219614e-10
88.3	8.66472790216e-10
88.4	8.28897542493e-10
88.5	7.92827377119e-10
88.6	7.58187721461e-10
88.7	7.24956976985e-10
88.8	6.93067186226e-10
88.9	6.62454525141e-10
89.0	6.33081252793e-10
89.1	6.04891539209e-10
89.2	5.77869934646e-10
89.3	5.51948356578e-10
89.4	5.27114157102e-10
89.5	5.03300291018e-10
89.6	4.80472560334e-10
89.7	4.58620304689e-10
89.8	4.37684107401e-10
89.9	4.17635883869e-10
90.0	3.98440444573e-10
90.1	3.80065566961e-10
90.2	3.62471188779e-10
90.3	3.45625995949e-10
90.4	3.29508859018e-10
90.5	3.14078174807e-10
90.6	2.99303503131e-10
90.7	2.85164152513e-10
90.8	2.71626662235e-10
90.9	2.58669320335e-10
91.0	2.46279744668e-10
91.1	2.3441722472e-10
91.2	2.23076880134e-10
91.3	2.12231732587e-10
91.4	2.01860839515e-10
91.5	1.91949924448e-10
91.6	1.82483863603e-10
91.7	1.73441699666e-10
91.8	1.64809436231e-10
91.9	1.56569211592e-10
92.0	1.48703878627e-10
92.1	1.41198344098e-10
92.2	1.34040274282e-10
92.3	1.27211359344e-10
92.4	1.206976357e-10
92.5	1.14486633231e-10
92.6	1.08562528059e-10
92.7	1.02915019465e-10
92.8	9.75321219023e-11
92.9	9.23980625726e-11
93.0	8.75046131904e-11
93.1	8.2843064655e-11
93.2	7.8404452538e-11
93.3	7.41759847936e-11
93.4	7.01514046149e-11
93.5	6.63202166035e-11
93.6	6.26769111743e-11
93.7	5.92130226538e-11
93.8	5.59194447402e-11
93.9	5.2791517975e-11
94.0	4.9820617947e-11
94.1	4.69985118055e-11
94.2	4.43225733123e-11
94.3	4.17803752254e-11
94.4	3.93684736687e-11
94.5	3.70823375974e-11
94.6	3.49130209042e-11
94.7	3.28565583811e-11
94.8	3.09064952038e-11
94.9	2.90596839451e-11
95.0	2.73097343537e-11
95.1	2.56525240954e-11
95.2	2.40834266633e-11
95.3	2.25985648708e-11
95.4	2.11939639509e-11
95.5	1.98665014608e-11
95.6	1.86121086044e-11
95.7	1.74269844849e-11
95.8	1.63081297857e-11
95.9	1.52539872954e-11
96.0	1.42582449657e-11
96.1	1.33206160697e-11
96.2	1.24371894286e-11
96.3	1.16051428187e-11
96.4	1.08225444562e-11
96.5	1.00859113986e-11
96.6	9.3935501403e-12
96.7	8.74262283648e-12
96.8	8.13103926999e-12
96.9	7.55678998804e-12
97.0	7.0174905039e-12
97.1	6.51184363498e-12
97.2	6.03781807859e-12
97.3	5.5936815468e-12
97.4	5.17766691636e-12
97.5	4.7885654205e-12
97.6	4.4247614239e-12
97.7	4.08500041336e-12
97.8	3.7677628515e-12
97.9	3.47183138654e-12
98.0	3.19619574232e-12
98.1	2.93949682705e-12
98.2	2.70058364203e-12
98.3	2.47869810453e-12
98.4	2.27243578494e-12
98.5	2.0810397543e-12
98.6	1.90360388952e-12
98.7	1.73922478268e-12
98.8	1.58701447007e-12
98.9	1.44629394399e-12
99.0	1.3162743108e-12
99.1	1.19626811017e-12
99.2	1.08564822302e-12
99.3	9.83746192722e-13
99.4	8.90064776579e-13
99.5	8.03950538748e-13
99.6	7.25030950504e-13
99.7	6.52696272051e-13
99.8	5.86550664101e-13
99.9	5.26094233588e-13
100.0	4.71015311256e-13
100.1	4.2086235146e-13
100.2	3.75277543342e-13
100.3	3.33897625131e-13
100.4	2.964261056e-13
100.5	2.62537750871e-13
100.6	2.31949308061e-13
100.7	2.04409601693e-13
100.8	1.79646303575e-13
100.9	1.57429097552e-13
101.0	1.37551061896e-13
101.1	1.19805543794e-13
101.2	1.0399714004e-13
101.3	8.99575332342e-14
101.4	7.7523956971e-14
101.5	6.65503673377e-14
101.6	5.68904073072e-14
101.7	4.84247766054e-14
101.8	4.10239832712e-14
101.9	3.45824648676e-14
102.0	2.90008965539e-14
102.1	2.41820684697e-14
102.2	2.00445886549e-14
102.3	1.65093515441e-14
102.4	1.35018896204e-14
102.5	1.09609125882e-14
102.6	8.82605109782e-15
102.7	7.0448255327e-15
102.8	5.56894705103e-15
102.9	4.35606654141e-15
103.0	3.36821934726e-15
103.1	2.57078447539e-15
103.2	1.93465011509e-15
103.3	1.43282314035e-15
103.4	1.04239001256e-15
103.5	7.43062859218e-16
103.6	5.17583313364e-16
103.7	3.5110882236e-16
103.8	2.30911768132e-16
103.9	1.46433472107e-16
104.0	8.89029094881e-17
104.1	5.11950889511e-17
104.2	2.76010042002e-17
104.3	1.36807076994e-17
104.4	6.06805318933e-18
104.5	2.30756868535e-18
104.6	6.99129153721e-19
104.7	1.46282516804e-19
104.8	1.50031523208e-20
104.9	2.09090694768e-22
