# Y values come from this e-mail:
#
# > From: Xavier Garcia Tormo <garciato@ualberta.ca>
# > Subject: Re: on the paper
# > Date: August 2, 2011 1:06:08 PM CDT
# > To: Robert H Bernstein <rhbob@fnal.gov>
#
# The original X values were shifted by 0.511 to have it in kinetic energy instead of full energy.
# 
# 
0.489	5.35203152513e-05
0.589	6.44948568069e-05
0.689	7.64463656148e-05
0.789	8.93643344218e-05
0.889	0.000103238435664
0.989	0.00011805851392
1.089	0.000133814600478
1.189	0.000150496766652
1.289	0.000168095414174
1.389	0.000186600958391
1.489	0.000206004069289
1.589	0.000226295582679
1.689	0.000247466495645
1.789	0.000269508048593
1.889	0.000292411475018
1.989	0.000316168248442
2.089	0.000340769802739
2.189	0.000366207759922
2.289	0.000392473715852
2.389	0.000419560394903
2.489	0.000447456932364
2.589	0.000476158331019
2.689	0.00050565583931
2.789	0.000535942021223
2.889	0.000567009321365
2.989	0.000598850595639
3.089	0.000631458698857
3.189	0.000664826888526
3.289	0.000698948447986
3.389	0.000733816680003
3.489	0.000769425421233
3.589	0.000805768690694
3.689	0.000842840356177
3.789	0.000880634710075
3.889	0.000919145626219
3.989	0.000958366662656
4.089	0.000998291242533
4.189	0.0010389128183
4.289	0.00108022440129
4.389	0.00112221953857
4.489	0.00116489241401
4.589	0.00120823657542
4.689	0.00125224671224
4.789	0.00129691786001
4.889	0.00134224448269
4.989	0.0013882222081
5.089	0.00143484598094
5.189	0.0014821121256
5.289	0.00153001606271
5.389	0.00157855436026
5.489	0.00162772245752
5.589	0.0016775175826
5.689	0.00172793581149
5.789	0.00177897367217
5.889	0.00183062656573
5.989	0.00188288974989
6.089	0.00193575765253
6.189	0.00198922396342
6.289	0.00204328183156
6.389	0.00209792471422
6.489	0.00215314655712
6.589	0.0022089422251
6.689	0.00226530728999
6.789	0.00232223662995
6.889	0.00237972753777
6.989	0.00243777712581
7.089	0.00249638255416
7.189	0.00255554072173
7.289	0.00261525075179
7.389	0.00267551016898
7.489	0.00273631740445
7.589	0.00279767114668
7.689	0.00285956939682
7.789	0.00292200999398
7.889	0.00298499061899
7.989	0.00304850677688
8.089	0.00311255369486
8.189	0.00317712465556
8.289	0.00324221258976
8.389	0.00330780965026
8.489	0.00337390841241
8.589	0.00344050223168
8.689	0.0035075859357
8.789	0.00357515498332
8.889	0.003643206002
8.989	0.00371173758609
9.089	0.00378074817832
9.189	0.00385023606457
9.289	0.00392020275405
9.389	0.00399064616021
9.489	0.00406156780504
9.589	0.00413296754921
9.689	0.00420484587852
9.789	0.00427720217448
9.889	0.00435003417817
9.989	0.00442334079047
10.089	0.00449711547118
10.189	0.00457135366113
10.289	0.00464604703165
10.389	0.00472118517776
10.489	0.0047967601239
10.589	0.00487276175476
10.689	0.00494918428899
10.789	0.00502602044412
10.889	0.00510326740681
10.989	0.00518092790915
11.089	0.00525898199428
11.189	0.00533745056459
11.289	0.00541632653388
11.389	0.00549561250491
11.489	0.00557530963672
11.589	0.00565542084637
11.689	0.00573594717326
11.789	0.00581689020882
11.889	0.00589825141426
11.989	0.00598002890019
12.089	0.00606221742621
12.189	0.00614481499943
12.289	0.00622781117142
12.389	0.00631119909034
12.489	0.00639496154216
12.589	0.00647909343965
12.689	0.00656358209539
12.789	0.00664841853264
12.889	0.00673359693681
12.989	0.00681911379445
13.089	0.00690496547464
13.189	0.00699115493184
13.289	0.00707768155223
13.389	0.00716454939368
13.489	0.00725176340291
13.589	0.0073393242093
13.689	0.00742723804181
13.789	0.00751550707206
13.889	0.00760413523278
13.989	0.00769312090476
14.089	0.00778246471415
14.189	0.00787216326264
14.289	0.00796220737075
14.389	0.00805258838872
14.489	0.00814329582816
14.589	0.00823431515196
14.689	0.00832563331224
14.789	0.00841723865102
14.889	0.00850912282639
14.989	0.00860127565122
15.089	0.0086936964529
15.189	0.00878638380478
15.289	0.00887933736668
15.389	0.0089725616572
15.489	0.00906606346313
15.589	0.0091598437843
15.689	0.00925391166519
15.789	0.00934827135861
15.889	0.00944292673516
15.989	0.00953788417295
16.089	0.0096331383008
16.189	0.00972869364199
16.289	0.00982454492552
16.389	0.00992068018727
16.489	0.0100170917401
16.589	0.0101137638596
16.689	0.0102106832138
16.789	0.010307832683
16.889	0.0104052011718
16.989	0.0105027761515
17.089	0.0106005506865
17.189	0.0106985237485
17.289	0.0107966928311
17.389	0.0108950594309
17.489	0.0109936305508
17.589	0.0110924114789
17.689	0.0111914099105
17.789	0.0112906331956
17.889	0.0113900891904
17.989	0.011489780831
18.089	0.0115897142047
18.189	0.01168988964
18.289	0.0117903058788
18.389	0.0118909559657
18.489	0.0119918317918
18.589	0.0120929200562
18.689	0.012194205316
18.789	0.0122956705455
18.889	0.0123972973768
18.989	0.0124990749236
19.089	0.0126009889487
19.189	0.0127030320676
19.289	0.0128052033395
19.389	0.0129075028865
19.489	0.0130099321841
19.589	0.0131124967439
19.689	0.0132152090577
19.789	0.0133180738551
19.889	0.0134211018393
19.989	0.0135243013793
20.089	0.0136276781144
20.189	0.0137312360594
20.289	0.0138349776369
20.389	0.013938901801
20.489	0.0140429967999
20.589	0.0141472577945
20.689	0.014251666059
20.789	0.0143562066232
20.889	0.0144608598522
20.989	0.0145656086512
21.089	0.0146704374135
21.189	0.0147753345469
21.289	0.0148802927066
21.389	0.0149853066245
21.489	0.0150903775119
21.589	0.0151955147686
21.689	0.0153007219054
21.789	0.0154060085915
21.889	0.0155113856598
21.989	0.0156168625769
22.089	0.0157224505734
22.189	0.0158281545361
22.289	0.0159339812008
22.389	0.0160399317913
22.489	0.0161460010408
22.589	0.0162521856827
22.689	0.0163584682598
22.789	0.0164648378051
22.889	0.0165712704324
22.989	0.0166777515294
23.089	0.0167842607289
23.189	0.0168907802013
23.289	0.0169972959393
23.389	0.0171038056591
23.489	0.0172103015871
23.589	0.0173167890188
23.689	0.0174232720262
23.789	0.0175297569464
23.889	0.0176362590371
23.989	0.0177427861974
24.089	0.0178493516209
24.189	0.0179559670975
24.289	0.0180626374113
24.389	0.0181693673265
24.489	0.0182761617962
24.589	0.0183830144484
24.689	0.0184899168473
24.789	0.0185968504321
24.889	0.0187038202668
24.989	0.0188107768975
25.089	0.0189177140881
25.189	0.0190246118597
25.289	0.019131453464
25.389	0.019238220627
25.489	0.0193449129075
25.589	0.0194515236472
25.689	0.0195580536222
25.789	0.0196645151644
25.889	0.0197709115707
25.989	0.019877257844
26.089	0.0199835681179
26.189	0.0200898529908
26.289	0.0201961231035
26.389	0.0203023884855
26.489	0.0204086520061
26.589	0.0205149139383
26.689	0.0206211729949
26.789	0.0207274173445
26.889	0.0208336314257
26.989	0.0209398101635
27.089	0.0210459247496
27.189	0.0211519341403
27.289	0.021257841052
27.389	0.0213636191339
27.489	0.0214692234702
27.589	0.0215747533447
27.689	0.0216800990124
27.789	0.0217852927423
27.889	0.0218903500399
27.989	0.0219952813176
28.089	0.0221000908903
28.189	0.02220480343
28.289	0.0223094209679
28.389	0.0224139633011
28.489	0.0225184346539
28.589	0.0226228419277
28.689	0.022727187708
28.789	0.022831462537
28.889	0.0229355955103
28.989	0.0230397696545
29.089	0.0231437551713
29.189	0.0232476121158
29.289	0.023351310205
29.389	0.0234548313538
29.489	0.0235593078065
29.589	0.0236624739854
29.689	0.0237654218441
29.789	0.0238681554111
29.889	0.0239706735403
29.989	0.0240729851576
30.089	0.0241751058029
30.189	0.0242770429805
30.289	0.0243788166567
30.389	0.0244804326896
30.489	0.0245819115217
30.589	0.0246832558152
30.689	0.0247844761279
30.789	0.0248855621544
30.889	0.0249865271448
30.989	0.0250873374274
31.089	0.0251879928246
31.189	0.0252884706285
31.289	0.0253887474964
31.389	0.0254888010099
31.489	0.0255886195043
31.589	0.0256881495177
31.689	0.0257874115886
31.789	0.0258863905288
31.889	0.0259850859373
31.989	0.026083500655
32.089	0.0261816345748
32.189	0.0262795104023
32.289	0.0263771190936
32.389	0.026474530913
32.489	0.0265716836213
32.589	0.0266686905562
32.689	0.0267654365527
32.789	0.0268620107299
32.889	0.0269583896449
32.989	0.027054565843
33.089	0.0271505350408
33.189	0.0272462716192
33.289	0.0273417632467
33.389	0.0274369792364
33.489	0.0275319027946
33.589	0.0276265092045
33.689	0.0277207684818
33.789	0.0278146921599
33.889	0.0279082533865
33.989	0.0280014644709
34.089	0.0280943157525
34.189	0.0281867668528
34.289	0.0282789954489
34.389	0.0283708514901
34.489	0.0284624025918
34.589	0.0285536613443
34.689	0.028644643565
34.789	0.028735355982
34.889	0.0288257994469
34.989	0.0289159763883
35.089	0.029005882282
35.189	0.0290954984553
35.289	0.0291848129541
35.389	0.0292738031551
35.489	0.0293624458879
35.589	0.0294507164446
35.689	0.0295385673671
35.789	0.029625997204
35.889	0.0297130716424
35.989	0.0297996747181
36.089	0.0298858431165
36.189	0.0299715765134
36.289	0.0300568861496
36.389	0.0301417807798
36.489	0.0302262062487
36.589	0.0303103949811
36.689	0.0303941544599
36.789	0.0304774870116
36.889	0.0305605486506
36.989	0.0306432287422
37.089	0.0307255112539
37.189	0.0308075217498
37.289	0.0308891156573
37.389	0.0309703174314
37.489	0.0310511072525
37.589	0.0311313780966
37.689	0.0312112738638
37.789	0.0312906785118
37.889	0.031369576468
37.989	0.0314479512199
38.089	0.0315257997886
38.189	0.0316031091729
38.289	0.0316799453417
38.389	0.0317559244346
38.489	0.0318318820015
38.589	0.0319071153837
38.689	0.0319818680867
38.789	0.0320561393131
38.889	0.0321299394695
38.989	0.0322032784942
39.089	0.0322761468535
39.189	0.0323485654337
39.289	0.0324204668924
39.389	0.032491891681
39.489	0.032562795855
39.589	0.0326329456136
39.689	0.0327027630826
39.789	0.032771986381
39.889	0.0328406181301
39.989	0.0329085992887
40.089	0.0329757898285
40.189	0.0330425120838
40.289	0.0331082903663
40.389	0.0331735056779
40.489	0.0332379598224
40.589	0.0333018850171
40.689	0.033365265973
40.789	0.0334275648661
40.889	0.0334894032626
40.989	0.0335505802276
41.089	0.0336110681534
41.189	0.0336709397963
41.289	0.0337300969279
41.389	0.0337884914697
41.489	0.03384628096
41.589	0.033902729082
41.689	0.0339590811644
41.789	0.0340143933144
41.889	0.0340689361687
41.989	0.0341225679187
42.089	0.0341754296704
42.189	0.0342269297487
42.289	0.0342776602124
42.389	0.0343273267761
42.489	0.0343760399709
42.589	0.0344236464868
42.689	0.034470192554
42.789	0.0345156139452
42.889	0.0345600419558
42.989	0.0346033193643
43.089	0.034645436791
43.189	0.0346864798427
43.289	0.0347263043423
43.389	0.0347649037746
43.489	0.0348019819641
43.589	0.0348380883296
43.689	0.0348727862415
43.789	0.034906023414
43.889	0.0349377311767
43.989	0.03496785267
44.089	0.034996232436
44.189	0.0350227685082
44.289	0.0350476894443
44.389	0.035070593568
44.489	0.0350917265466
44.589	0.0351104621546
44.689	0.0351272567813
44.789	0.0351417533616
44.889	0.0351540262523
44.989	0.0351639608937
45.089	0.0351715619878
45.189	0.0351765553835
45.289	0.0351789028574
45.389	0.0351784877265
45.489	0.0351874206339
45.589	0.0351799262367
45.689	0.0351692070236
45.789	0.0351551028039
45.889	0.0351373959757
45.989	0.0351159547285
46.089	0.0350905581167
46.189	0.035061011818
46.289	0.0350270974767
46.389	0.034988604642
46.489	0.0349452998781
46.589	0.034896960089
46.689	0.0348432977476
46.789	0.03478417872
46.889	0.034719293201
46.989	0.034648090427
47.089	0.0345707735177
47.189	0.0344866222869
47.289	0.0343954730334
47.389	0.0342969659429
47.489	0.0342394923421
47.589	0.0341174800065
47.689	0.0339874631607
47.789	0.0338492212631
47.889	0.0337018010531
47.989	0.0335450971254
48.089	0.0333787788659
48.189	0.0332022806478
48.289	0.0330149144519
48.389	0.0328159973202
48.489	0.0326054566271
48.589	0.0323824918853
48.689	0.0321465418282
48.789	0.0318970550818
48.889	0.0316337983119
48.989	0.0313559539567
49.089	0.0310631322878
49.189	0.0307548783198
49.289	0.0304307392
49.389	0.0299456615637
49.4889	0.029598038306
49.589	0.0292427436043
49.689	0.0288660518943
49.789	0.0284719941751
49.8891	0.0280602145505
49.9889	0.0276305082397
50.089	0.0271827244395
50.189	0.0267168698048
50.2891	0.0262332158125
50.3889	0.0257315424335
50.489	0.0252128453278
50.589	0.024677400111
50.6891	0.0241259685421
50.7889	0.0235594090047
50.889	0.0229787055352
50.989	0.0223849682149
51.089	0.0217794790664
51.1891	0.0211635838555
51.2889	0.0205387450372
51.389	0.0198517301064
51.489	0.0192300071822
51.5891	0.0186007253169
51.6889	0.017965990066
51.789	0.0173279146318
51.889	0.0166886036396
51.989	0.0160501072121
52.0891	0.0154144307451
52.1889	0.0147834877617
52.289	0.0141591064107
52.389	0.0135429933481
52.4891	0.0129367404751
52.5889	0.0123418198141
52.689	0.0117595518735
52.789	0.0111911285451
52.8891	0.0106375925954
52.9889	0.0100999699153
53.0889	0.00957864428353
53.189	0.00907461158137
53.289	0.00858823300193
53.3891	0.00819164357516
53.4889	0.00772859235045
53.589	0.00728541053039
53.689	0.00686236451852
53.7891	0.00645907652977
53.8889	0.00607513811905
53.989	0.0057104121999
54.089	0.00536417796674
54.189	0.00503609229934
54.2891	0.00472536213072
54.3889	0.00443164074875
54.489	0.00415423608959
54.589	0.00389252104216
54.6891	0.00364585336826
54.7889	0.00341358702733
54.889	0.00319507716402
54.989	0.00298967743998
55.0891	0.00279675685599
55.1889	0.00261568799239
55.2889	0.00245358334629
55.389	0.00229264198097
55.489	0.00214211350128
55.5891	0.00200137646172
55.6889	0.00186984032435
55.789	0.00174694249474
55.889	0.00163214805535
55.9891	0.00152494958621
56.0889	0.00142486637451
56.189	0.00133144419791
56.289	0.00124425359927
56.389	0.00116288958031
56.4891	0.0010869710036
56.5889	0.00101613975431
56.689	0.000950058476884
56.789	0.000888411688074
56.8891	0.000830903057935
56.9889	0.000777255076234
57.089	0.000727208089569
57.189	0.000680519283251
57.2891	0.00063623154029
57.3889	0.000595706434709
57.4889	0.000557890095955
57.589	0.000522597960105
57.689	0.000489656988848
57.7891	0.000458906809236
57.8889	0.000430197305783
57.989	0.00040338882048
58.089	0.000378351021788
58.1891	0.000354962814775
58.2889	0.000333110946363
58.389	0.000312690670222
58.489	0.000293595130315
58.589	0.00027575793183
58.6891	0.000259070291785
58.7889	0.000243460997412
58.889	0.000228857133346
58.989	0.000215190394067
59.0891	0.000202397638115
59.1889	0.000190420070961
59.289	0.000178918994033
59.389	0.000168464405941
59.4891	0.000158661595099
59.5889	0.000149472798627
59.6889	0.000140854987036
59.789	0.000132770817571
59.889	0.000125185494371
59.9891	0.000118066398953
60.0889	0.000111383259914
60.189	0.000105107711163
60.289	9.9213307704e-05
60.3891	9.36753689563e-05
60.4889	8.8470968641e-05
60.589	8.35784736297e-05
60.689	7.89779157898e-05
60.789	7.46506253842e-05
60.8891	7.0579176309e-05
60.9889	6.67473448925e-05
61.089	6.31400042834e-05
61.189	5.97431043733e-05
61.2891	5.64784867696e-05
61.3889	5.34763881683e-05
61.489	5.06460348618e-05
61.589	4.79769918999e-05
61.6891	4.54595119054e-05
61.7889	4.30844300433e-05
61.8889	4.08432847054e-05
61.989	3.87279599701e-05
62.089	3.67309686181e-05
62.1891	3.48452322279e-05
62.2889	3.30641062623e-05
62.389	3.13813855923e-05
62.489	2.97912186527e-05
62.5891	2.82880803681e-05
62.6889	2.68668498688e-05
62.789	2.55226844539e-05
62.889	2.42510192704e-05
62.989	2.30476812531e-05
63.0891	2.19086724049e-05
63.1889	2.0812335543e-05
63.289	1.97943952819e-05
63.389	1.88298767956e-05
63.4891	1.79158066869e-05
63.5889	1.70493572637e-05
63.689	1.62279237471e-05
63.789	1.54490137901e-05
63.8891	1.47103141459e-05
63.9889	1.40096009828e-05
64.0889	1.33448320518e-05
64.189	1.27139998172e-05
64.289	1.21153043558e-05
64.3891	1.15469656076e-05
64.4889	1.10073160122e-05
64.589	1.04948173842e-05
64.689	1.00079660911e-05
64.7891	9.54539576305e-06
64.8889	9.10573356451e-06
64.989	8.68780105152e-06
65.089	8.29039727467e-06
65.189	7.90813210823e-06
65.2891	7.54937338454e-06
65.3889	7.20796546065e-06
65.489	6.8830099589e-06
65.589	6.57367022347e-06
65.6891	6.27913987122e-06
65.7889	5.99868793693e-06
65.889	5.73160271495e-06
65.989	5.47721784604e-06
66.0891	5.23489142666e-06
66.1891	5.00402853052e-06
66.2889	4.78405194153e-06
66.389	4.57442029095e-06
66.489	4.37461323658e-06
66.5891	4.18413347853e-06
66.6889	4.00250903028e-06
66.789	3.8292933407e-06
66.889	3.66405980471e-06
66.9891	3.50641265897e-06
67.0889	3.35595875323e-06
67.189	3.21123754483e-06
67.289	3.07433563234e-06
67.389	2.9435994973e-06
67.4891	2.81872595332e-06
67.5889	2.69944625159e-06
67.689	2.58548902835e-06
67.789	2.47660898333e-06
67.8891	2.37257264806e-06
67.9889	2.27315304376e-06
68.089	2.17814261577e-06
68.189	2.08733961808e-06
68.2891	2.00054056106e-06
68.3891	1.91757072292e-06
68.4889	1.83824963765e-06
68.589	1.76240658885e-06
68.689	1.68987337847e-06
68.7891	1.62049838367e-06
68.8889	1.5541321729e-06
68.989	1.49063070164e-06
69.089	1.42948552607e-06
69.1891	1.37137425219e-06
69.2889	1.3157361437e-06
69.389	1.26245675451e-06
69.489	1.21142884111e-06
69.589	1.16255085833e-06
69.6891	1.115728518e-06
69.7889	1.07087225234e-06
69.889	1.02789886721e-06
69.989	9.86722542756e-07
70.0891	9.47273423141e-07
70.1889	9.09473814275e-07
70.289	8.73256358069e-07
70.389	8.38549449982e-07
70.4891	8.05290951173e-07
70.5891	7.73415181939e-07
70.6889	7.42863877181e-07
70.789	7.13577482219e-07
70.889	6.85497650665e-07
70.9891	6.5857284981e-07
71.0889	6.32643822874e-07
71.189	6.07889946758e-07
71.289	5.84139677295e-07
71.3891	5.61346433726e-07
71.4889	5.39472629774e-07
71.589	5.18474891583e-07
71.689	4.98319475335e-07
71.789	4.78969893358e-07
71.8891	4.60394958909e-07
71.9889	4.42560128558e-07
72.089	4.25439264453e-07
72.189	4.09001626245e-07
72.2891	3.93221768508e-07
72.3889	3.78071707875e-07
72.489	3.63527276933e-07
72.589	3.49562644851e-07
72.6891	3.36156987276e-07
72.7891	3.23282527452e-07
72.8889	3.10919455034e-07
72.989	2.99045804369e-07
73.089	2.87610071268e-07
73.1891	2.76656103028e-07
73.2889	2.66129836817e-07
73.389	2.56013850434e-07
73.489	2.46289409261e-07
73.5891	2.36940237761e-07
73.6889	2.27952634469e-07
73.789	2.193102614e-07
73.889	2.1100076542e-07
73.989	2.03011213125e-07
74.0891	1.95328848163e-07
74.1889	1.87942569802e-07
74.289	1.80840981692e-07
74.389	1.74013016702e-07
74.4891	1.67450118508e-07
74.5889	1.6114028328e-07
74.689	1.55073970415e-07
74.789	1.49242027963e-07
74.8891	1.4363546052e-07
74.9891	1.38235320867e-07
75.0889	1.33052287735e-07
75.189	1.28066348859e-07
75.289	1.23270505746e-07
75.3891	1.18657279975e-07
75.4889	1.14217606387e-07
75.589	1.09945184051e-07
75.689	1.05832637197e-07
75.7891	1.01874759628e-07
75.8889	9.80642551469e-08
75.989	9.43966738138e-08
76.089	9.086676311e-08
76.189	8.7468679135e-08
76.2891	8.41983590419e-08
76.3889	8.10515326373e-08
76.489	7.80229743785e-08
76.589	7.5108732386e-08
76.6891	7.23046552498e-08
76.7889	6.96069063985e-08
76.889	6.70108739959e-08
76.989	6.45113158342e-08
77.0891	6.21078547017e-08
77.1891	5.97947128718e-08
77.2889	5.75681372175e-08
77.389	5.54243845019e-08
77.489	5.33606016302e-08
77.5891	5.13734849495e-08
77.6889	4.94593028151e-08
77.789	4.76158407881e-08
77.889	4.58403853656e-08
77.9891	4.41298396568e-08
78.0889	4.24824731904e-08
78.189	4.08958156256e-08
78.289	3.93676008296e-08
78.389	3.78961162935e-08
78.4891	3.64790910727e-08
78.5889	3.51150867639e-08
78.689	3.38015769317e-08
78.789	3.25373479989e-08
78.8891	3.13203359192e-08
78.9889	3.01492323062e-08
79.089	2.90215138686e-08
79.189	2.79359956146e-08
79.2891	2.68907779984e-08
79.3891	2.58843935106e-08
79.4889	2.49153182959e-08
79.589	2.39819680578e-08
79.689	2.3082816161e-08
79.7891	2.22166480335e-08
79.8889	2.13821583043e-08
79.989	2.0578146291e-08
80.089	1.98033938152e-08
80.1891	1.90570801459e-08
80.2889	1.83381670125e-08
80.389	1.76457315811e-08
80.489	1.69787756306e-08
80.589	1.63365147619e-08
80.6891	1.57180063974e-08
80.7889	1.51227270553e-08
80.889	1.45499924856e-08
80.989	1.39982588234e-08
81.0891	1.34671052484e-08
81.1889	1.29558402867e-08
81.289	1.24637076736e-08
81.389	1.19898667189e-08
81.489	1.15337860301e-08
81.5891	1.10944578731e-08
81.6889	1.06714571109e-08
81.789	1.02640434447e-08
81.889	9.87157671291e-09
81.9891	9.49355728177e-09
82.0889	9.12934247819e-09
82.189	8.77860784747e-09
82.289	8.44068712045e-09
82.3891	8.11530635184e-09
82.4889	7.80191746482e-09
82.589	7.50023655504e-09
82.689	7.20976768497e-09
82.789	6.93019741555e-09
82.8891	6.66139941798e-09
82.9889	6.40258647198e-09
83.089	6.15343027482e-09
83.189	5.91372873433e-09
83.2891	5.68307383205e-09
83.3889	5.46118424147e-09
83.489	5.24768823487e-09
83.589	5.04216688942e-09
83.689	4.84444633557e-09
83.7891	4.65415588595e-09
83.8889	4.47097137675e-09
83.989	4.29456164564e-09
84.089	4.12482617578e-09
84.1891	3.96135437087e-09
84.2889	3.80403003516e-09
84.389	3.65257119824e-09
84.489	3.50682004389e-09
84.589	3.36660156966e-09
84.689	3.23166904491e-09
84.789	3.101932295e-09
84.889	2.97710611971e-09
84.989	2.85713334409e-09
85.089	2.74177722743e-09
85.189	2.63092911538e-09
85.289	2.52430365632e-09
85.389	2.42185165216e-09
85.489	2.32337643878e-09
85.589	2.22871141646e-09
85.689	2.13771388844e-09
85.789	2.05023303476e-09
85.889	1.96613188084e-09
85.989	1.88521282908e-09
86.089	1.80745574197e-09
86.189	1.73266829108e-09
86.289	1.66077469048e-09
86.389	1.59163206151e-09
86.489	1.52515855164e-09
86.589	1.46129687534e-09
86.689	1.39992122367e-09
86.789	1.34095127417e-09
86.889	1.28431040165e-09
86.989	1.22991848558e-09
87.089	1.17771031743e-09
87.189	1.12758165069e-09
87.289	1.07948045896e-09
87.389	1.03329731762e-09
87.489	9.88977337014e-10
87.589	9.46450543836e-10
87.689	9.05656219614e-10
87.789	8.66472790216e-10
87.889	8.28897542493e-10
87.989	7.92827377119e-10
88.089	7.58187721461e-10
88.189	7.24956976985e-10
88.289	6.93067186226e-10
88.389	6.62454525141e-10
88.489	6.33081252793e-10
88.589	6.04891539209e-10
88.689	5.77869934646e-10
88.789	5.51948356578e-10
88.889	5.27114157102e-10
88.989	5.03300291018e-10
89.089	4.80472560334e-10
89.189	4.58620304689e-10
89.289	4.37684107401e-10
89.389	4.17635883869e-10
89.489	3.98440444573e-10
89.589	3.80065566961e-10
89.689	3.62471188779e-10
89.789	3.45625995949e-10
89.889	3.29508859018e-10
89.989	3.14078174807e-10
90.089	2.99303503131e-10
90.189	2.85164152513e-10
90.289	2.71626662235e-10
90.389	2.58669320335e-10
90.489	2.46279744668e-10
90.589	2.3441722472e-10
90.689	2.23076880134e-10
90.789	2.12231732587e-10
90.889	2.01860839515e-10
90.989	1.91949924448e-10
91.089	1.82483863603e-10
91.189	1.73441699666e-10
91.289	1.64809436231e-10
91.389	1.56569211592e-10
91.489	1.48703878627e-10
91.589	1.41198344098e-10
91.689	1.34040274282e-10
91.789	1.27211359344e-10
91.889	1.206976357e-10
91.989	1.14486633231e-10
92.089	1.08562528059e-10
92.189	1.02915019465e-10
92.289	9.75321219023e-11
92.389	9.23980625726e-11
92.489	8.75046131904e-11
92.589	8.2843064655e-11
92.689	7.8404452538e-11
92.789	7.41759847936e-11
92.889	7.01514046149e-11
92.989	6.63202166035e-11
93.089	6.26769111743e-11
93.189	5.92130226538e-11
93.289	5.59194447402e-11
93.389	5.2791517975e-11
93.489	4.9820617947e-11
93.589	4.69985118055e-11
93.689	4.43225733123e-11
93.789	4.17803752254e-11
93.889	3.93684736687e-11
93.989	3.70823375974e-11
94.089	3.49130209042e-11
94.189	3.28565583811e-11
94.289	3.09064952038e-11
94.389	2.90596839451e-11
94.489	2.73097343537e-11
94.589	2.56525240954e-11
94.689	2.40834266633e-11
94.789	2.25985648708e-11
94.889	2.11939639509e-11
94.989	1.98665014608e-11
95.089	1.86121086044e-11
95.189	1.74269844849e-11
95.289	1.63081297857e-11
95.389	1.52539872954e-11
95.489	1.42582449657e-11
95.589	1.33206160697e-11
95.689	1.24371894286e-11
95.789	1.16051428187e-11
95.889	1.08225444562e-11
95.989	1.00859113986e-11
96.089	9.3935501403e-12
96.189	8.74262283648e-12
96.289	8.13103926999e-12
96.389	7.55678998804e-12
96.489	7.0174905039e-12
96.589	6.51184363498e-12
96.689	6.03781807859e-12
96.789	5.5936815468e-12
96.889	5.17766691636e-12
96.989	4.7885654205e-12
97.089	4.4247614239e-12
97.189	4.08500041336e-12
97.289	3.7677628515e-12
97.389	3.47183138654e-12
97.489	3.19619574232e-12
97.589	2.93949682705e-12
97.689	2.70058364203e-12
97.789	2.47869810453e-12
97.889	2.27243578494e-12
97.989	2.0810397543e-12
98.089	1.90360388952e-12
98.189	1.73922478268e-12
98.289	1.58701447007e-12
98.389	1.44629394399e-12
98.489	1.3162743108e-12
98.589	1.19626811017e-12
98.689	1.08564822302e-12
98.789	9.83746192722e-13
98.889	8.90064776579e-13
98.989	8.03950538748e-13
99.089	7.25030950504e-13
99.189	6.52696272051e-13
99.289	5.86550664101e-13
99.389	5.26094233588e-13
99.489	4.71015311256e-13
99.589	4.2086235146e-13
99.689	3.75277543342e-13
99.789	3.33897625131e-13
99.889	2.964261056e-13
99.989	2.62537750871e-13
100.089	2.31949308061e-13
100.189	2.04409601693e-13
100.289	1.79646303575e-13
100.389	1.57429097552e-13
100.489	1.37551061896e-13
100.589	1.19805543794e-13
100.689	1.0399714004e-13
100.789	8.99575332342e-14
100.889	7.7523956971e-14
100.989	6.65503673377e-14
101.089	5.68904073072e-14
101.189	4.84247766054e-14
101.289	4.10239832712e-14
101.389	3.45824648676e-14
101.489	2.90008965539e-14
101.589	2.41820684697e-14
101.689	2.00445886549e-14
101.789	1.65093515441e-14
101.889	1.35018896204e-14
101.989	1.09609125882e-14
102.089	8.82605109782e-15
102.189	7.0448255327e-15
102.289	5.56894705103e-15
102.389	4.35606654141e-15
102.489	3.36821934726e-15
102.589	2.57078447539e-15
102.689	1.93465011509e-15
102.789	1.43282314035e-15
102.889	1.04239001256e-15
102.989	7.43062859218e-16
103.089	5.17583313364e-16
103.189	3.5110882236e-16
103.289	2.30911768132e-16
103.389	1.46433472107e-16
103.489	8.89029094881e-17
103.589	5.11950889511e-17
103.689	2.76010042002e-17
103.789	1.36807076994e-17
103.889	6.06805318933e-18
103.989	2.30756868535e-18
104.089	6.99129153721e-19
104.189	1.46282516804e-19
104.289	1.50031523208e-20
104.389	2.09090694768e-22
